answers <-
c(-0.472115155049374, 0.638356171365752, 0.178571428571428, 0.672603817441517, 
1.02027720787889, 0.311213256101639, -3.66412158323027, 0.000487174701703001, 
-9.80466128619878, 0.532661286198784, 0.834083954177448, 11.818487474394, 
-2.33229717566595, 0.0233081501794506, 1.89346768399835, 0.0625511333942187, 
2.9539273030241, 0.00430605066249386)
