answers <-
c(0.766547780832822, 19.5947997415051, -51.479652223021, 127.401033078272, 
0.000395460289617809, 13.0602034048926, 2, 0.135545426536455, 
0.04, 0.0720071842035086, 9.93519268781733, 27.5543514949966, 
18.120303574176, 19.369240608638, 10.108, 0.509555061781461, 
1.27664269528657, 8.32770333781587, 11.8882966621842, 6.25552019812229, 
0.521771576139613, 1.14920957310079)
